image_width: 640
image_height: 480
camera_name: camFront
# front camera values:
camera matrix: 
  rows: 3
  cols: 3
  data: [551.04529662,0.,327.64091917,0.,550.27125544 ,246.15117314,0.,0.,1.]
# idk what plumb_bob is 
distortion_model: plumb_bob
distortion_coefficients:
  rows: 1
  cols: 5
  data: [-0.39537017,  0.20588545  ,0.00076589, -0.00108833, -0.05813792]
# old camera matrices, idk what to do with them
rectification_matrix:
  rows: 3
  cols: 3
  data: [0.999978, 0.002789, -0.006046, -0.002816, 0.999986, -0.004401, 0.006034, 0.004417, 0.999972]
projection_matrix:
  rows: 3
  cols: 4
  data: [393.653800, 0.000000, 322.797939, 0.000000, 0.000000, 393.653800, 241.090902, 0.000000, 0.000000, 0.000000, 1.000000, 0.000000]
