image_width: 640
image_height: 480
camera_name: camBack
# back camera values:
camera matrix: 
  rows: 3
  cols: 3
  data: [518.46826965   ,0.,313.48418874,0.,515.96324028, 286.51275672,0.           ,0.           ,1.        ]
distortion_model: plumb_bob
distortion_coefficients:
  rows: 1
  cols: 5
  data: [-0.40389561,0.31334002,-0.01130759 ,-0.,-0.18921275]
# old matrices, idk what to do with them
rectification_matrix:
  rows: 3
  cols: 3
  data: [0.999978, 0.002789, -0.006046, -0.002816, 0.999986, -0.004401, 0.006034, 0.004417, 0.999972]
projection_matrix:
  rows: 3
  cols: 4
  data: [393.653800, 0.000000, 322.797939, 0.000000, 0.000000, 393.653800, 241.090902, 0.000000, 0.000000, 0.000000, 1.000000, 0.000000]
